0
0
0
1
3
7
9
11
15
17
19
22
23
27
30
31
35
36
39
41
43
44
45
48
50
52
54
55
56
58
59
61
63
63
65
67
68
70
70
71
72
74
75
76
77
79
79
80
81
82
83
84
85
86
87
87
89
90
90
91
92
92
94
94
94
95
95
96
97
97
98
99
100
100
101
102
102
103
102
103
103
104
104
104
105
106
106
106
107
107
107
107
108
109
109
109
110
110
110
111
111
111
112
112
111
112
113
113
113
113
113
114
114
114
115
115
115
115
115
116
116
115
116
117
116
116
116
117
116
118
117
117
117
117
117
117
118
118
118
118
118
118
118
118
118
119
119
119
120
117
115
113
112
110
108
106
105
102
101
100
97
96
95
94
92
91
89
88
88
86
85
84
82
81
80
78
77
78
76
76
73
74
73
71
71
70
68
68
68
66
66
65
64
64
64
63
62
62
61
60
59
59
58
58
57
57
57
56
56
54
55
54
54
52
53
52
52
51
52
50
50
51
50
49
50
48
48
49
48
48
47
47
46
45
47
46
46
45
45
46
46
44
45
44
43
44
44
43
43
42
43
43
42
43
43
42
42
42
42
42
41
41
41
41
40
41
40
41
40
40
40
39
40
40
40
40
40
39
39
40
38
39
40
39
38
39
38
38
39
38
38
39
38
38
39
38
38
38
38
37
38
38
37
38
38
37
38
37
38
37
38
37
38
37
37
37
36
37
37
37
37
37
37
36
37
37
36
36
37
36
37
36
37
36
35
37
37
37
36
36
36
36
37
36
36
36
36
36
36
0